
Results for instances 0 to 249:
48.40
37.50
22.60
30.50
43.00
29.50
17.00
13.70
43.30
10.50
95.40
25.10
17.10
30.50
22.30
25.80
22.90
20.50
29.10
21.20
28.00
25.40
44.80
22.60
23.90
23.00
38.70
13.90
35.10
22.70
14.40
23.00
34.20
19.60
20.70
19.80
19.40
27.90
22.70
50.50
19.90
23.60
22.40
38.10
23.60
29.00
36.10
20.10
16.80
25.30
12.00
22.30
35.20
25.80
16.60
19.60
16.20
17.10
27.10
38.80
14.00
21.20
50.30
34.10
17.00
36.10
30.30
12.40
39.90
29.30
23.20
31.90
32.50
24.50
33.30
13.20
34.90
33.80
36.30
22.80
21.70
22.70
35.00
30.80
32.30
68.10
33.50
25.90
43.00
13.40
23.60
22.40
31.10
44.70
32.10
49.30
23.50
32.70
18.60
30.40
20.10
20.60
21.70
48.00
15.60
17.40
23.00
26.00
28.80
19.20
15.40
40.60
37.50
10.70
17.30
30.30
23.50
16.20
19.70
23.30
22.80
38.10
25.40
17.60
17.30
37.00
28.50
37.90
27.20
47.20
29.10
39.50
18.60
17.80
17.90
17.50
17.10
33.30
38.50
15.40
14.10
30.80
33.60
14.00
19.10
20.10
47.30
34.30
33.70
21.60
16.50
40.40
25.50
39.50
20.60
28.90
24.60
31.70
14.40
25.00
29.60
32.00
46.80
29.00
20.40
8.70
15.80
18.40
22.40
28.30
21.00
30.30
22.10
24.40
34.30
25.10
12.60
26.80
23.40
25.20
28.10
36.40
13.00
16.70
42.50
23.80
24.90
9.70
27.90
11.80
21.50
22.50
25.40
24.50
13.30
25.50
26.20
27.20
32.50
39.70
9.40
27.60
43.00
25.60
31.60
19.20
59.60
26.90
27.30
25.00
18.80
28.40
12.30
21.60
20.80
24.70
43.60
9.60
18.80
30.80
32.70
31.70
16.50
19.30
31.10
32.10
41.60
18.10
17.10
30.80
31.20
61.90
19.60
16.80
31.20
28.80
21.70
21.60
25.50
19.20
31.20
14.00
22.60
14.50
19.30
23.60
13.20
29.10
32.40
13.80
