Results for instances 0 to 10:
40.90
58.30
50.00
87.60
71.30
206.60
38.50
103.40
42.10
132.50
69.50
Results for instances 11 to 20:
55.60
51.70
96.80
67.10
70.10
215.20
54.20
78.70
47.40
37.80
Results for instances 21 to 30:
122.60
66.90
91.30
34.40
48.00
67.90
96.90
121.10
113.90
109.70
Results for instances 31 to 40:
142.80
45.10
83.70
52.30
52.90
94.30
105.50
43.10
59.50
34.10
Results for instances 41 to 55:
26.00
87.50
38.50
40.50
79.80
91.40
76.70
57.50
122.80
37.20
59.00
54.90
107.40
112.40
95.80
Results for instances 101 to 150:
77.60
90.50
126.80
46.10
86.20
58.40
45.10
57.90
40.70
57.70
36.70
71.10
118.00
60.30
98.80
31.30
65.10
139.10
41.70
65.00
37.10
38.10
68.60
62.60
114.90
115.20
103.80
71.80
108.20
38.20
71.80
90.60
119.40
73.00
46.80
44.90
49.90
197.10
64.10
38.20
39.30
92.20
94.40
106.80
47.30
118.20
48.20
134.80
116.90
122.40
Results for instances 0 to 150:
69.20
109.10
87.40
165.30
89.50
79.20
109.80
102.50
65.70
135.40
101.40
158.00
95.50
106.60
91.80
102.00
135.80
128.90
97.30
86.80
88.30
147.90
119.00
129.70
159.90
74.30
106.60
101.10
82.90
156.40
87.80
115.20
54.30
74.40
99.70
57.30
97.60
100.90
71.50
51.40
68.30
82.90
68.00
109.80
54.60
210.40
84.40
90.90
89.90
99.20
95.60
55.10
88.50
108.90
75.00
141.60
70.50
119.70
101.80
112.10
90.30
44.20
93.00
95.90
74.30
74.00
84.40
52.70
39.90
98.50
131.80
110.70
114.30
99.70
93.10
93.50
130.90
55.30
129.70
152.70
95.80
64.40
94.60
111.90
104.80
123.50
143.00
114.50
89.10
90.20
194.60
101.70
88.00
82.10
148.20
79.50
91.30
253.30
54.80
132.10
62.90
214.60
51.40
129.60
97.90
67.20
139.70
178.00
94.60
68.90
91.80
131.70
64.60
134.40
36.00
64.90
87.00
70.80
98.70
124.60
96.10
68.90
139.40
96.70
87.30
94.40
218.60
117.90
125.50
117.40
128.10
77.80
106.90
57.30
115.80
88.00
69.20
117.10
83.50
64.60
54.90
81.30
73.20
165.60
130.90
117.40
87.50
126.50
81.20
112.20
202.40
