Environment and 7x7 Board initialised !

Goal Set! Represented as 5
Robot Set! Represented as 2
------------------------------------------------------
0 0 0 | 0 1 0 | 0 0 0 | 0 0 0 | 0 1 0 | 0 1 0 | 0 1 0 
0 2 1 | 0 1 1 | 0 1 1 | 0 1 1 | 1 1 0 | 1 1 0 | 1 1 0 
0 1 0 | 0 0 0 | 0 1 0 | 0 1 0 | 0 0 0 | 0 0 0 | 0 1 0 
------------------------------------------------------
0 0 0 | 0 0 0 | 0 1 0 | 0 0 0 | 0 1 0 | 0 1 0 | 0 1 0 
0 1 1 | 1 1 0 | 0 1 1 | 1 1 1 | 0 1 1 | 0 1 0 | 1 1 0 
0 1 0 | 0 1 0 | 0 1 0 | 0 1 0 | 0 0 0 | 0 1 0 | 0 0 0 
------------------------------------------------------
0 1 0 | 0 1 0 | 0 0 0 | 0 0 0 | 0 1 0 | 0 0 0 | 0 1 0 
0 1 0 | 1 1 0 | 1 1 1 | 1 1 1 | 0 1 1 | 1 1 1 | 1 1 0 
0 1 0 | 0 1 0 | 0 1 0 | 0 0 0 | 0 0 0 | 0 0 0 | 0 0 0 
------------------------------------------------------
0 0 0 | 0 1 0 | 0 0 0 | 0 1 0 | 0 0 0 | 0 1 0 | 0 1 0 
0 1 1 | 0 1 0 | 1 1 1 | 0 1 1 | 1 1 1 | 0 1 0 | 1 1 0 
0 1 0 | 0 1 0 | 0 0 0 | 0 0 0 | 0 0 0 | 0 1 0 | 0 0 0 
------------------------------------------------------
0 1 0 | 0 1 0 | 0 1 0 | 0 0 0 | 0 1 0 | 0 0 0 | 0 1 0 
0 1 0 | 0 1 0 | 0 1 1 | 1 1 0 | 0 1 0 | 1 1 1 | 1 1 0 
0 1 0 | 0 1 0 | 0 0 0 | 0 1 0 | 0 1 0 | 0 0 0 | 0 0 0 
------------------------------------------------------
0 1 0 | 0 0 0 | 0 0 0 | 0 1 0 | 0 0 0 | 0 1 0 | 0 0 0 
0 1 1 | 1 1 1 | 1 1 1 | 1 1 1 | 1 1 1 | 0 1 1 | 1 1 0 
0 0 0 | 0 0 0 | 0 0 0 | 0 0 0 | 0 1 0 | 0 1 0 | 0 1 0 
------------------------------------------------------
0 1 0 | 0 0 0 | 0 0 0 | 0 1 0 | 0 1 0 | 0 0 0 | 0 1 0 
0 1 1 | 1 1 1 | 1 1 0 | 1 1 0 | 1 1 0 | 0 1 1 | 1 5 0 
0 0 0 | 0 0 0 | 0 1 0 | 0 1 0 | 0 0 0 | 0 1 0 | 0 1 0 
------------------------------------------------------
2 - 9
6 - 13
7 - 14
8 - 15
15 - 22
21 - 28
22 - 29
28 - 35
31 - 38
39 - 46
41 - 48
So far ok!
